group 0 indices:
[ 172  521  616 1468 1751 2068 2133 2560 2780 2881 2890 2916 3049 3176
 3257 3264 3680 3717 3884 3897 4124]
length :
21
group 1 indices:
[ 224  240  318  406  596  764 1008 1030 1189 1506 1584 1669 1825 1884
 2177 2212 2260 2544 2578 2717 3381 3555 3600 4052 4172]
length :
25
group 2 indices:
[  96  131  165  214  277  386  428  581  620  636  640  644  648  672
  708  712  760  808  820  876  880  948  980 1052 1056 1128 1404 1421
 1452 1472 1566 1720 1724 1728 1732 1764 1864 1924 1940 1968 2061 2200
 2216 2252 2468 2492 2552 2556 2588 2592 2596 2632 2656 2712 2724 2744
 2748 2756 2760 2796 2800 2804 2808 2984 3000 3004 3116 3240 3308 3326
 3344 3348 3368 3440 3444 3448 3452 3464 3568 3772 3780 3828 3832 3848
 3931 4032 4120]
length :
87
group 3 indices:
[ 100  264  312  504  508  544  680  804  908  914 1072 1224 1308 1396
 1552 1604 1632 1676 1692 1873 1897 1908 1948 2256 2324 2517 2832 2856
 2956 3024 3080 3132 3161 3172 3204 3216 3276 3409 3460 3537 3660 3776
 4012]
length :
43
group 4 indices:
[  36  160  196  301  396  400  472  496  512  564  629  656  748 1012
 1044 1296 1320 1368 1373 1476 1577 1588 1592 1644 1654 1916 1992 2141
 2208 2224 2238 2364 2484 2488 2497 2565 2613 2704 2828 2862 2922 3028
 3072 3096 3106 3188 3245 3280 3424 3433 3468 3472 3501 3580 3637 3820
 3953 4008 4056 4136]
length :
60
group 5 indices:
[ 461 1797 2821 3284 3652]
length :
5
group 6 indices:
[ 770 1061 1325 1340 1364 1490 1933 2023 2052 2056 2332 2360 2393 2532
 2964 3233 3295 3336 3361 3906 3961 3972 4160]
length :
23
group 7 indices:
[  28  308  360  424  452  516  528  608  668  737  752  960 1048 1092
 1124 1176 1228 1262 1280 1400 1608 1705 1716 1880 1912 2084 2104 2268
 2310 2548 2676 2692 2752 2784 3128 3168 3180 3212 3220 3224 3508 3528
 3588 3612 3664 3724 3752 3756 3788 3836 3880]
length :
51
group 8 indices:
[  41   64   69  112  144  476  684  725 1136 1357 1500 1621 1648 1944
 1976 2048 2229 2284 2336 2356 2441 2620 2764 2768 2960 3076 3392 3545
 3624 3688 4044 4048 4068 4074 4129 4148]
length :
36
group 9 indices:
[ 230  373  732 1040 1154 1292 1345 1904 2125 2166 2276 3340 3372 3921
 4218]
length :
15
group 10 indices:
[ 249  534  885 1301 2077 2628 2941 3038 3084 3194 3313 3605 3670 3706]
length :
14
group 11 indices:
[  24  244 1148 1520 1532 1892 2005 2160 2328 2512 2572 2844 3376 3388
 3696 3816]
length :
16
group 12 indices:
[  79  105  118  329  552  557  846 1597 1842 1888 1982 2272 2640 2836
 3032 3156 3489 3524 3572 3629 3736 3993 4090]
length :
23
group 13 indices:
[  32  289  296  343  548  837  953 1016 1021 1077 1141 1181 1243 1481
 1539 1664 1680 1777 1785 1805 1816 1820 2190 2204 2401 2449 2624 2661
 2772 3320 3356 3396 3692 3732 3802 4001 4084 4106 4152 4156 4165 4179
 4192 4196 4203]
length :
45
group 14 indices:
[  20   52   92  200  257  440  456  468  698  816  856  904 1068 1108
 1205 1213 1332 1392 1769 1868 1920 1972 2072 2288 2340 2385 2422 2525
 2696 2792 2849 2903 3014 3057 3068 3208 3228 3417 3428 3496 3520 3532
 3576 3859 3889 3968 3988]
length :
47
group 15 indices:
[4019]
length :
1
group 16 indices:
[  57  336  380  417  445  482  500  568  573  661  676  692  744  861
  869  941  990 1169 1312 1316 1352 1408 1433 1456 1696 1857 1928 2120
 2220 2344 2352 2369 2413 2436 2474 2537 2602 2636 2729 3100 3401 3481
 3513 3593 3840 3916 3984 4061 4100 4141]
length :
50
group 17 indices:
[  16  284  433  492  589  652  717 1004 1132 1164 1197 1220 1256 1382
 1441 1461 1557 1736 1812 2038 2149 2248 2304 2432 2646 2685 2813 2933
 2990 3008 3120 3146 3352 3456 3584 3742 3762 3824 3873 3944]
length :
40
group 18 indices:
[ 148  179  192  356  365  604  612  624  756  780  785  812  897  984
 1098 1113 1413 1516 1525 1628 1700 1712 1741 1832 1836 1852 1961 2012
 2016 2088 2112 2116 2184 2264 2280 2348 2377 2458 2672 2700 2737 2788
 2840 2949 3124 3137 3184 3252 3476 3617 3684 3796 3812 3844 3948 4116]
length :
56
group 19 indices:
[   3   48  152  156  205  269  600  688  892  927  967 1000 1085 1120
 1233 1273 1285 1336 1428 1448 1613 1637 1685 1792 1953 1997 2094 2108
 2156 2294 2320 2408 2505 2668 2680 2708 2776 2971 3064 3089 3269 3288
 3645 3656 3700 3728 3784 3792 3852 3976 3980 4037]
length :
52
group 20 indices:
[794 826]
length :
2
group 21 indices:
[2873]
length :
1
results:
172 521 616 1468 1751 2068 2133 2560 2780 2881 2890 2916 3049 3176 3257 3264 3680 3717 3884 3897 4124 224 240 318 406 596 764 1008 1030 1189 1506 1584 1669 1825 1884 2177 2212 2260 2544 2578 2717 3381 3555 3600 4052 4172 96 131 165 214 277 386 428 581 620 636 640 644 648 672 708 712 760 808 820 876 880 948 980 1052 1056 1128 1404 1421 1452 1472 1566 1720 1724 1728 1732 1764 1864 1924 1940 1968 2061 2200 2216 2252 2468 2492 2552 2556 2588 2592 2596 2632 2656 2712 2724 2744 2748 2756 2760 2796 2800 2804 2808 2984 3000 3004 3116 3240 3308 3326 3344 3348 3368 3440 3444 3448 3452 3464 3568 3772 3780 3828 3832 3848 3931 4032 4120 100 264 312 504 508 544 680 804 908 914 1072 1224 1308 1396 1552 1604 1632 1676 1692 1873 1897 1908 1948 2256 2324 2517 2832 2856 2956 3024 3080 3132 3161 3172 3204 3216 3276 3409 3460 3537 3660 3776 4012 36 160 196 301 396 400 472 496 512 564 629 656 748 1012 1044 1296 1320 1368 1373 1476 1577 1588 1592 1644 1654 1916 1992 2141 2208 2224 2238 2364 2484 2488 2497 2565 2613 2704 2828 2862 2922 3028 3072 3096 3106 3188 3245 3280 3424 3433 3468 3472 3501 3580 3637 3820 3953 4008 4056 4136 461 1797 2821 3284 3652 770 1061 1325 1340 1364 1490 1933 2023 2052 2056 2332 2360 2393 2532 2964 3233 3295 3336 3361 3906 3961 3972 4160 28 308 360 424 452 516 528 608 668 737 752 960 1048 1092 1124 1176 1228 1262 1280 1400 1608 1705 1716 1880 1912 2084 2104 2268 2310 2548 2676 2692 2752 2784 3128 3168 3180 3212 3220 3224 3508 3528 3588 3612 3664 3724 3752 3756 3788 3836 3880 41 64 69 112 144 476 684 725 1136 1357 1500 1621 1648 1944 1976 2048 2229 2284 2336 2356 2441 2620 2764 2768 2960 3076 3392 3545 3624 3688 4044 4048 4068 4074 4129 4148 230 373 732 1040 1154 1292 1345 1904 2125 2166 2276 3340 3372 3921 4218 249 534 885 1301 2077 2628 2941 3038 3084 3194 3313 3605 3670 3706 24 244 1148 1520 1532 1892 2005 2160 2328 2512 2572 2844 3376 3388 3696 3816 79 105 118 329 552 557 846 1597 1842 1888 1982 2272 2640 2836 3032 3156 3489 3524 3572 3629 3736 3993 4090 32 289 296 343 548 837 953 1016 1021 1077 1141 1181 1243 1481 1539 1664 1680 1777 1785 1805 1816 1820 2190 2204 2401 2449 2624 2661 2772 3320 3356 3396 3692 3732 3802 4001 4084 4106 4152 4156 4165 4179 4192 4196 4203 20 52 92 200 257 440 456 468 698 816 856 904 1068 1108 1205 1213 1332 1392 1769 1868 1920 1972 2072 2288 2340 2385 2422 2525 2696 2792 2849 2903 3014 3057 3068 3208 3228 3417 3428 3496 3520 3532 3576 3859 3889 3968 3988 4019 57 336 380 417 445 482 500 568 573 661 676 692 744 861 869 941 990 1169 1312 1316 1352 1408 1433 1456 1696 1857 1928 2120 2220 2344 2352 2369 2413 2436 2474 2537 2602 2636 2729 3100 3401 3481 3513 3593 3840 3916 3984 4061 4100 4141 16 284 433 492 589 652 717 1004 1132 1164 1197 1220 1256 1382 1441 1461 1557 1736 1812 2038 2149 2248 2304 2432 2646 2685 2813 2933 2990 3008 3120 3146 3352 3456 3584 3742 3762 3824 3873 3944 148 179 192 356 365 604 612 624 756 780 785 812 897 984 1098 1113 1413 1516 1525 1628 1700 1712 1741 1832 1836 1852 1961 2012 2016 2088 2112 2116 2184 2264 2280 2348 2377 2458 2672 2700 2737 2788 2840 2949 3124 3137 3184 3252 3476 3617 3684 3796 3812 3844 3948 4116 3 48 152 156 205 269 600 688 892 927 967 1000 1085 1120 1233 1273 1285 1336 1428 1448 1613 1637 1685 1792 1953 1997 2094 2108 2156 2294 2320 2408 2505 2668 2680 2708 2776 2971 3064 3089 3269 3288 3645 3656 3700 3728 3784 3792 3852 3976 3980 4037 794 826 2873
